rectangular cartesian((lambda,mu,theta)=coordinates[*])

[3,1]((1),(0),(0))
[1](no element)
[3,1]((0.870552),(0.479966),(0.423234))
[4](element=21,[1,1]((0.5)),[1,1]((0.5)),[1,1]((0.5)))
[3,1]((1.2449),(0.414588),(0.186754))
[3,1]((43.8826),(14.6142),(6.58307))

[3,3]((-0.311827,-23.6829,5.0261),(2.02966,25.762,3.39992),(-5.06906,11.6047,1.53151))
[3,3]((-0.311827,-23.6829,5.0261),(2.02966,25.762,3.39992),(-5.06906,11.6047,1.53151))
[3,3]((-0.311827,-23.6829,5.0261),(2.02966,25.762,3.39992),(-5.06906,11.6047,1.53151))
[3,3]((-0.311827,-23.6829,5.0261),(2.02966,25.762,3.39992),(-5.06906,11.6047,1.53151))
[3,1]((1.2449),(0.414588),(0.186754))

[3,9]((-0.351638,-1.19476,0.320079,-1.19476,-35.677,-4.14166,0.320079,-4.14166,1.1693),(-1.99704,2.63846,0.762693,2.63846,-15.8589,5.30698,0.762693,5.30698,0.38941),(-0.726858,-9.35893,-1.04843,-9.35893,-7.14375,2.39057,-1.04843,2.39057,0.175412))
[3,3]((-0.00884615,-0.671857,0.142585),(0.0575789,0.730837,0.0964515),(-0.143803,0.32921,0.0434472))
[3,16]((-0.351638,-1.19476,0.320079,-0.00884615,-1.19476,-35.677,-4.14166,-0.671857,0.320079,-4.14166,1.1693,0.142585,-0.00884615,-0.671857,0.142585,0),(-1.99704,2.63846,0.762693,0.0575789,2.63846,-15.8589,5.30698,0.730837,0.762693,5.30698,0.38941,0.0964515,0.0575789,0.730837,0.0964515,0),(-0.726858,-9.35893,-1.04843,-0.143803,-9.35893,-7.14375,2.39057,0.32921,-1.04843,2.39057,0.175412,0.0434472,-0.143803,0.32921,0.0434472,0))

[2]([4](element=21,[1,1]((0.5)),[1,1]((0.5)),[1,1]((0.5))),[1,1]((35.25)))
